4
callefalsa 123
22345525
5
sofia@mail.com
1
111
1111
Sofia
catamarca 234
223455246
7600
tomas@mail.com
5
111
111
111
111
12
1234
Tomas
calle123
2234566
563
pep@hotmal.com
17
111
111
111
111
12
111
111
111
12
111
111
12
111
12
111
12
111
2222
pepito
luro 118
2235918544
7609
maxi@c.com
77
111
111
111
111
12
111
111
111
12
111
111
12
111
12
111
12
111
111
111
111
12
111
111
12
111
12
111
12
111
111
111
12
111
12
111
12
111
111
12
111
12
111
111
12
111
111
111
111
111
111
111
111
111
111
111
111
111
111
111
111
111
111
111
111
111
111
111
111
111
111
111
111
111
111
12
12
12
37321654
Cliente
